0 0 4 4 3 
4 2 3 4 2 
4 5 4 0 4 
2 3 2 3 4 
4 2 2 4 5 
2 3 5 1 4 
4 3 2 5 3 
4 5 3 2 4 
5 0 1 3 2 
0 5 3 4 0 
4 0 0 3 1 
3 1 5 1 4 
2 1 3 0 5 
4 1 1 0 5 
2 1 3 2 4 
1 5 1 0 0 
2 0 3 3 2 
2 5 4 5 3 
4 3 1 0 4 
4 3 3 2 2 
4 3 4 4 0 
3 4 4 3 2 
0 0 4 4 3 
4 2 3 4 2 
-5929 -6809 -4162 -5174 -5423 
2 3 2 3 4 
4 2 2 4 5 
2 3 5 1 4 
4 3 2 5 3 
4 5 3 2 4 
5 0 1 3 2 
0 5 3 4 0 
-19 -23 -23 -20 -22 
-20 -22 -18 -22 -19 
1016 886 501 111 1019 
-64 -67 -67 -68 -63 
-49 -50 -48 -49 -47 
-65 -61 -65 -66 -66 
1032 901 517 130 1032 
998 872 484 98 999 
-58 -59 -61 -62 -58 
-59 -60 -60 -61 -61 
-9 -10 -9 -9 -13 
-49 -48 -48 -49 -50 
0 0 4 4 3 
4 2 3 4 2 
-5929 -6809 -4162 -5174 -5423 
2 3 2 3 4 
-446752 -391723 -226526 -58797 -447033 
2 3 5 1 4 
4 3 2 5 3 
4 5 3 2 4 
5 0 1 3 2 
0 5 3 4 0 
-1177 -1181 -589 -1030 -884 
-1208 -1210 -614 -1062 -911 
-116 -246 -39 -873 183 
-1179 -1182 -590 -1035 -882 
-1151 -1152 -558 -1003 -853 
-1171 -1167 -579 -1024 -876 
971 840 456 69 971 
-139 -265 -61 -891 158 
-68 -69 -71 -72 -68 
-65 -66 -66 -67 -67 
-1120 -1121 -528 -972 -828 
-158 -157 -157 -158 -159 
0 0 4 4 3 
4 2 3 4 2 
-5929 -6809 -4162 -5174 -5423 
2 3 2 3 4 
-446752 -391723 -226526 -58797 -447033 
2 3 5 1 4 
4 3 2 5 3 
4 5 3 2 4 
5 0 1 3 2 
-614794 -575381 -285212 -304021 -526680 
-1148 -2212 -878 -1531 -961 
-1184 -2246 -908 -1568 -993 
-121 -1311 -362 -1408 72 
-1233 -2296 -962 -1619 -1042 
-1158 -2219 -883 -1540 -966 
-1206 -1202 -614 -1059 -911 
954 -237 121 -478 848 
-115 -1301 -355 -1397 76 
-96 -1157 -417 -630 -202 
-2 -1063 -321 -534 -110 
-1167 -2228 -893 -1549 -981 
-194 -193 -193 -194 -195 
0 0 4 4 3 
4 2 3 4 2 
144972268 135444819 67286053 71092865 124430215 
2 3 2 3 4 
-446752 -391723 -226526 -58797 -447033 
2 3 5 1 4 
4 3 2 5 3 
4 5 3 2 4 
5 0 1 3 2 
-614794 -575381 -285212 -304021 -526680 
-1193 -2257 -923 -1576 -1006 
-1269 -2331 -993 -1653 -1078 
-10760893 -8963939 -5380750 -5423940 -7136316 
-1319 -2382 -1048 -1705 -1128 
-10761999 -8964916 -5381340 -5424141 -7137423 
-1307 -1303 -715 -1160 -1012 
-10759890 -8962937 -5380339 -5423082 -7135612 
-10761001 -8964043 -5380857 -5424043 -7136426 
-197 -1258 -518 -731 -303 
-10760791 -8963708 -5380726 -5423083 -7136515 
-1285 -2346 -1011 -1667 -1099 
-10761042 -8962897 -5380657 -5422802 -7136659 
0 0 4 4 3 
4 2 3 4 2 
144972268 135444819 67286053 71092865 124430215 
2 3 2 3 4 
-112645537595208 -93822544101111 -56322433818864 -56765774328765 -74704033883033 
2 3 5 1 4 
4 3 2 5 3 
4 5 3 2 4 
5 0 1 3 2 
-614794 -575381 -285212 -304021 -526680 
1530971841 3854909401 766794095 1920911610 1148883020 
1530971804 3854909366 766794064 1920911572 1148882987 
-10760959 -8964005 -5380816 -5424006 -7136382 
1530971719 3854909280 766793974 1920911485 1148882902 
1520211077 3845946784 761413720 1915489087 1141746645 
-1335 -1331 -743 -1188 -1040 
1520213198 3845948775 761414733 1915490158 1141748468 
-10761096 -8964138 -5380952 -5424138 -7136521 
1530972881 3854910444 766794544 1920912499 1148883767 
1520212295 3845948002 761414344 1915490155 1141747563 
1530971795 3854909358 766794053 1920911565 1148882973 
-10761139 -8962994 -5380754 -5422899 -7136756 
0 0 4 4 3 
4 2 3 4 2 
-185405761725735134 -475880777703483980 -92865929238584105 -236655860866399599 -139601447090575599 
2 3 2 3 4 
-112645537595208 -93822544101111 -56322433818864 -56765774328765 -74704033883033 
2 3 5 1 4 
4 3 2 5 3 
4 5 3 2 4 
5 0 1 3 2 
-614794 -575381 -285212 -304021 -526680 
1530971780 3854909340 766794034 1920911549 1148882959 
-10405889369802 -5168080493296 -12204856212096 -10452850064954 -8687941838759 
-10407431102526 -5171944366628 -12205628386937 -10454776400493 -8689097858089 
1530971653 3854909214 766793908 1920911419 1148882836 
-10405900130525 -5168089455874 -12204861592436 -10452855487435 -8687948975097 
-1397 -1393 -805 -1250 -1102 
-10405900128348 -5168089453827 -12204861591367 -10452855486308 -8687948973218 
-10407431102736 -5171944366834 -12205628387146 -10454776400698 -8689097858301 
1530972878 3854910441 766794541 1920912496 1148883764 
1520212197 3845947904 761414246 1915490057 1141747465 
-10405889369878 -5168080493371 -12204856212174 -10452850065028 -8687941838840 
-10761209 -8963064 -5380824 -5422969 -7136826 
