4 4 4 2 2 
1 4 2 5 5 
4 2 0 1 4 
0 0 1 1 2 
3 5 1 2 0 
3 4 2 4 4 
3 4 0 0 1 
0 5 1 4 2 
4 2 3 0 4 
0 5 0 1 1 
2 5 3 0 3 
1 4 0 5 2 
0 3 2 0 1 
1 2 5 2 2 
5 5 3 2 0 
3 5 1 5 3 
4 4 1 5 4 
5 0 0 5 3 
5 3 4 5 3 
2 0 4 4 3 
0 4 0 4 1 
1 3 5 1 5 
4 4 4 2 2 
1 4 2 5 5 
5163 6171 3779 4788 4915 
0 0 1 1 2 
3 5 1 2 0 
3 4 2 4 4 
3 4 0 0 1 
0 5 1 4 2 
4 2 3 0 4 
0 5 0 1 1 
-1007 -875 -490 -106 -1006 
24 27 23 28 25 
-1014 -882 -496 -111 -1013 
69 70 73 70 70 
56 56 54 53 51 
69 71 67 71 69 
-1026 -897 -513 -122 -1026 
-991 -867 -480 -88 -993 
67 65 66 67 65 
65 63 67 67 66 
13 17 13 17 14 
53 55 57 53 57 
4 4 4 2 2 
1 4 2 5 5 
5163 6171 3779 4788 4915 
0 0 1 1 2 
446167 390250 226233 58063 446594 
3 4 2 4 4 
3 4 0 0 1 
0 5 1 4 2 
4 2 3 0 4 
0 5 0 1 1 
151 283 76 904 -144 
1212 1215 619 1068 917 
118 250 44 873 -177 
1184 1185 596 1037 889 
1158 1158 564 1007 857 
139 141 137 141 139 
-965 -836 -452 -61 -965 
146 270 65 901 -152 
77 75 76 77 75 
71 69 73 73 72 
1124 1128 532 980 829 
162 164 166 162 166 
4 4 4 2 2 
1 4 2 5 5 
5163 6171 3779 4788 4915 
0 0 1 1 2 
446167 390250 226233 58063 446594 
3 4 2 4 4 
3 4 0 0 1 
0 5 1 4 2 
4 2 3 0 4 
613840 574755 284685 303496 525939 
122 1314 365 1405 -67 
1188 2251 913 1574 999 
123 1315 367 1408 -66 
1238 2299 968 1621 1049 
1165 2225 889 1544 970 
174 176 172 176 174 
-948 241 -117 486 -842 
122 1306 359 1407 -70 
105 103 104 105 103 
8 1066 328 540 115 
1171 2235 897 1557 982 
198 200 202 198 202 
4 4 4 2 2 
1 4 2 5 5 
-144888746 -135403313 -67188100 -71008963 -124360483 
0 0 1 1 2 
446167 390250 226233 58063 446594 
3 4 2 4 4 
3 4 0 0 1 
0 5 1 4 2 
4 2 3 0 4 
613840 574755 284685 303496 525939 
167 1359 410 1450 -22 
1273 2336 998 1659 1084 
10760895 8963943 5380755 5423940 7136322 
1324 2385 1054 1707 1135 
10762006 8964922 5381346 5424145 7137427 
275 277 273 277 275 
10759896 8962941 5380343 5423090 7135618 
10761008 8964048 5380861 5424053 7136432 
206 204 205 206 204 
29 1087 349 561 136 
1289 2353 1015 1675 1100 
10761046 8962904 5380666 5422806 7136666 
4 4 4 2 2 
1 4 2 5 5 
-144888746 -135403313 -67188100 -71008963 -124360483 
0 0 1 1 2 
112648222685871 93824894208742 56323776364195 56766104076079 74706724207938 
3 4 2 4 4 
3 4 0 0 1 
0 5 1 4 2 
4 2 3 0 4 
613840 574755 284685 303496 525939 
213 1405 456 1496 24 
-1530971800 -3854909361 -766794059 -1920911566 -1148882981 
10760961 8964009 5380821 5424006 7136388 
-1530971714 -3854909277 -766793968 -1920911483 -1148882895 
-1520211070 -3845946778 -761413714 -1915489083 -1141746641 
303 305 301 305 303 
-1520213192 -3845948771 -761414729 -1915490150 -1141748462 
10761103 8964143 5380956 5424148 7136527 
-1530972872 -3854911498 -766794857 -1920913024 -1148883866 
-1530973057 -3854910623 -766794721 -1920912677 -1148883942 
-1530971791 -3854909351 -766794049 -1920911557 -1148882972 
10761143 8963001 5380763 5422903 7136763 
4 4 4 2 2 
1 4 2 5 5 
185405762847281062 475880646367817050 92865890236711716 236655795447843151 139601434754558865 
0 0 1 1 2 
112648222685871 93824894208742 56323776364195 56766104076079 74706724207938 
3 4 2 4 4 
3 4 0 0 1 
0 5 1 4 2 
4 2 3 0 4 
613840 574755 284685 303496 525939 
274 1466 517 1557 85 
10405889369806 5168080493301 12204856212101 10452850064960 8687941838765 
10407431102528 5171944366632 12205628386942 10454776400493 8689097858095 
-1530971648 -3854909211 -766793902 -1920911417 -1148882829 
10405900130532 5168089455880 12204861592442 10452855487439 8687948975101 
365 367 363 367 365 
10405900128354 5168089453831 12204861591371 10452855486316 8687948973224 
10407431102743 5171944366839 12205628387150 10454776400708 8689097858307 
10405889368679 5168080491109 12204856211248 10452850063447 8687941837825 
-1530972959 -3854910525 -766794623 -1920912579 -1148883844 
10405889369882 5168080493378 12204856212178 10452850065036 8687941838841 
10761213 8963071 5380833 5422973 7136833 
