DPF 1:
52626586 26313293 0
631512246 1
153208341 0
1862519740 1
1853186257 5
----------------------------------------------

DPF 2:
2193034166 1096517083 0
986380209 1
621603411 1
1833415576 0
831527108 5
----------------------------------------------

DPF 3:
2903804769 1451902384 1
470771642 1
1979693626 1
1018809985 1
2044591258 5
----------------------------------------------

DPF 4:
1477485046 738742523 0
884983031 1
1906113128 1
732597393 0
602757803 5
----------------------------------------------

