DPF 1:
1456644361 728322180 1
631512246 0
153208341 1
1862519740 0
1853186257 0
----------------------------------------------

DPF 2:
636520057 318260028 1
986380209 1
621603411 1
1833415576 0
831527108 0
----------------------------------------------

DPF 3:
2046420792 1023210396 0
470771642 1
1979693626 0
1018809985 1
2044591258 0
----------------------------------------------

DPF 4:
169672115 84836057 1
884983031 1
1906113128 1
732597393 1
602757803 0
----------------------------------------------

