1 3 0 4 
2 3 2 5 
5 0 0 1 
0 1 3 2 
4 4 2 1 
2 3 2 3 
3 4 5 3 
5 2 5 1 
3 0 1 1 
0 0 1 2 
3 4 0 1 
0 3 2 4 
1 4 0 2 
3 5 5 1 
4 3 2 4 
2 4 1 5 
3 2 2 0 
0 0 3 2 
3 0 3 5 
3 2 2 1 
4 4 0 4 
4 0 4 2 
-507 -172 -93 -423 
10 12 12 8 
-461 -130 -48 -378 
-522 -188 -108 -436 
75 74 74 72 
-451 -119 -33 -366 
-406 -77 9 -321 
22 21 21 20 
51 51 47 51 
-513 -185 -98 -432 
72 522 716 -74 
59 61 61 57 
175 621 818 28 
-409 -75 5 -323 
709 823 938 476 
139 586 787 -6 
226 670 871 81 
59 58 58 57 
164 164 160 164 
-414 -86 1 -333 
104 554 748 -42 
342 89 293 187 
367 558 959 67 
-224 -145 139 -291 
725 839 954 492 
345 537 942 47 
408 597 1002 110 
154 153 153 152 
265 265 261 265 
-364 -36 51 -283 
209 659 853 63 
-10711 256 -8516 -4134 
-10750 661 -7914 -4318 
-11348 -49 -8741 -4683 
797 911 1026 564 
-10741 671 -7900 -4307 
443 632 1037 145 
265 264 264 263 
-10809 411 -8569 -4077 
-312 16 103 -231 
310 760 954 164 
-10544 693 -8439 -3877 
-10612 1069 -7866 -4090 
-11120 449 -8603 -4365 
982 1366 1121 839 
-10668 744 -7827 -4234 
553 742 1147 255 
388 657 297 476 
-10684 536 -8444 -3952 
-127 471 198 44 
-1086 174 206 -746 
-11999 48 -9246 -4846 
-10503 1178 -7757 -3981 
-12516 -137 -9351 -5275 
998 1382 1137 855 
-12015 207 -8526 -5095 
-809 190 433 -621 
426 695 335 514 
-12073 -43 -9185 -4855 
-26 572 299 145 
-971 289 321 -631 
167042 89601 57935 129451 
-10447 1234 -7701 -3925 
166465 89356 57770 128962 
180026 90922 68305 135139 
167008 89742 58637 129184 
178177 89688 67559 133621 
513 782 422 601 
-12049 -19 -9161 -4831 
178990 90100 67455 134417 
-4665 435 -2605 -2021 
167088 89647 57981 129497 
-10364 1317 -7618 -3842 
166574 89465 57879 129071 
180101 90997 68380 135214 
167059 89793 58688 129235 
178183 89694 67565 133627 
619 888 528 707 
-15816 54 -12160 -6294 
175292 90242 64525 133023 
