1 5 0 0 
4 2 3 0 
3 4 3 5 
5 5 4 1 
2 3 2 5 
0 2 0 2 
0 0 5 1 
4 2 0 5 
3 2 0 4 
5 0 3 0 
0 0 0 2 
1 2 1 4 
3 1 0 0 
1 3 5 2 
4 0 1 4 
4 5 4 3 
1 5 5 2 
3 3 2 2 
4 0 4 2 
1 0 0 3 
3 3 3 2 
1 1 0 1 
511 177 93 425 
-6 -4 -2 -5 
469 133 51 386 
528 197 113 444 
-71 -67 -67 -70 
454 122 38 370 
-85 -89 -85 -87 
-18 -19 -19 -16 
-44 -44 -44 -45 
518 186 102 435 
-68 -517 -716 76 
-55 -53 -51 -54 
-167 -618 -815 -20 
415 84 0 331 
-705 -816 -931 -474 
-136 -583 -782 10 
-717 -836 -947 -489 
-55 -56 -56 -53 
-732 -847 -962 -503 
419 87 3 336 
-100 -549 -748 44 
-338 -81 -283 -184 
-359 -555 -956 -59 
230 154 -134 299 
-976 -832 -1151 -592 
-342 -534 -937 -43 
-899 -763 -1078 -518 
-150 -151 -151 -148 
-833 -948 -1063 -604 
369 37 -47 286 
-205 -654 -853 -61 
10715 -248 8526 4137 
10758 -658 7917 4326 
11354 58 8746 4691 
10172 -904 7753 3824 
10744 -668 7905 4311 
-934 -798 -1113 -553 
-261 -262 -262 -259 
10241 -1094 7767 3738 
317 -15 -99 234 
-306 -755 -954 -162 
10548 -685 8449 3880 
10620 -1066 7869 4098 
11126 -440 8608 4373 
9987 -1359 7658 3549 
10581 -1101 7832 4058 
-1044 -908 -1223 -663 
-384 -655 -295 -472 
10116 -1219 7642 3613 
132 -470 -194 -41 
1090 -169 -206 748 
12003 -40 9256 4849 
10511 -1175 7760 3989 
11064 -502 8546 4311 
9971 -1375 7642 3533 
11928 -564 8531 4919 
318 -356 -509 213 
-422 -693 -333 -510 
11505 -640 8383 4516 
31 -571 -295 -142 
975 -284 -321 633 
-167038 -89593 -57925 -129448 
10455 -1231 7704 3933 
11059 -507 8541 4306 
-169057 -90915 -59526 -130751 
-167095 -90099 -58632 -129360 
-178668 -89854 -67635 -134029 
-509 -780 -420 -597 
11481 -664 8359 4492 
-178985 -90099 -67451 -134414 
4669 -430 2605 2023 
-167084 -89639 -57971 -129494 
10372 -1314 7621 3850 
10950 -616 8432 4197 
-169132 -90990 -59601 -130826 
-163306 -90150 -55611 -127875 
-178674 -89860 -67641 -134035 
-615 -886 -526 -703 
15248 -737 11358 5955 
-175287 -90241 -64521 -133020 
